3.803360776982718380e+04
1.536918371390435277e+04
1.532224424414628993e+04
3.200504205466440453e+03
3.134617401443542349e+03
1.808761767395972356e+03
1.758270108430936489e+03
1.738915084103130994e+03
1.689173630380032364e+03
1.658683795374904093e+03
1.639713732247906137e+03
1.509673575316639017e+03
1.395081632909409564e+03
1.343134045528055367e+03
1.296698515338800689e+03
1.267074949974944047e+03
1.248778328939522453e+03
1.218691585240808308e+03
1.191390957559790877e+03
1.121647391554530941e+03
1.112559015818984108e+03
1.082062515108449361e+03
1.051798317702810891e+03
1.024337549371310160e+03
1.002418193445910788e+03
9.896372086904393655e+02
9.669328625690451418e+02
9.378571534150927391e+02
9.312227762884768936e+02
9.138453327441660576e+02
8.986130460134197619e+02
8.952622648481378747e+02
8.767359599702832611e+02
8.613691265232135947e+02
8.583924751582993622e+02
8.191259019860855233e+02
8.078166726489356506e+02
7.836266397487994482e+02
7.678492036184109111e+02
7.584371894607544391e+02
7.464855434985199736e+02
7.343557211607324007e+02
7.271776205125557908e+02
7.165985208601538261e+02
7.101534056646183899e+02
6.995176179032961272e+02
6.870102473915837891e+02
6.838540025547515597e+02
6.638760674149004899e+02
6.579548946730768648e+02
6.498843574263295295e+02
6.412764515203726887e+02
6.332915704471007530e+02
6.251233337116068469e+02
6.214613611901672812e+02
6.075738954506950904e+02
6.045863826013383004e+02
5.974678121675523244e+02
5.926046335826471250e+02
5.914351128642450703e+02
5.802642807923867849e+02
5.766124153865566768e+02
5.626112469645772762e+02
5.609377035465635117e+02
5.572968470513027341e+02
5.557945215600398114e+02
5.522439675519324283e+02
5.387440084616285958e+02
5.373996487379602058e+02
5.345677174252796249e+02
5.263424754064917579e+02
5.248492592384441195e+02
5.172507524037296207e+02
5.150314805120119672e+02
5.136868281887370813e+02
5.076004275468208107e+02
5.039815662337475715e+02
4.971921208569539203e+02
4.937619680696482192e+02
4.907733388684571878e+02
4.894390251538392249e+02
4.826352761413342591e+02
4.771127116200376577e+02
4.729356050674302878e+02
4.686631956938684311e+02
4.661771757341349485e+02
4.561189007343081130e+02
4.502039807384032315e+02
4.475422101734745297e+02
4.467817741079870189e+02
4.430504665711256393e+02
4.391950874456195493e+02
4.380601248482093979e+02
4.329254064295857347e+02
4.319126094006468293e+02
4.295890950796401739e+02
4.278567900062603826e+02
4.230866978290010820e+02
4.215429389639418218e+02
4.179744220018860688e+02
4.139216046864675604e+02
4.106184734327185879e+02
4.085007189985344667e+02
4.064783167701220350e+02
4.024738503110402803e+02
4.004944329356452499e+02
3.992703326882212878e+02
3.974016368247337709e+02
3.898259150227408441e+02
3.890440635093629567e+02
3.884239260770591500e+02
3.867492256108236006e+02
3.836883432519140342e+02
3.818351399477887753e+02
3.802321806971286264e+02
3.778838922644288800e+02
3.756312055674896442e+02
3.733110001077430411e+02
3.709589020713120249e+02
3.695754115023493682e+02
3.692336377251901354e+02
3.658986325964644948e+02
3.640294379640613442e+02
3.622702943320159648e+02
3.595322766091744597e+02
3.573065908144083096e+02
3.558071353275486217e+02
3.545267816106331793e+02
3.511707341880514264e+02
3.499396847959932870e+02
3.481953711480126117e+02
3.448372006987643772e+02
3.418861474978650676e+02
3.403239507520337952e+02
3.394444093060420187e+02
3.378259891936255599e+02
3.363536409679038570e+02
3.354662036127604665e+02
3.306962977096127929e+02
3.293097781426131405e+02
3.277838296845131367e+02
3.268305092877180869e+02
3.259549375013874055e+02
3.229856888333609390e+02
3.216177713520172006e+02
3.204120762188042022e+02
3.170195601274949695e+02
3.145264381286938260e+02
3.142355426380177050e+02
3.129454458751897050e+02
3.122662544195922010e+02
3.111226806065429855e+02
3.092693993119316929e+02
3.079503617631004317e+02
3.067580246893948015e+02
3.047289490485504189e+02
3.022193714225446683e+02
3.012540845240810654e+02
2.990230245253993075e+02
2.976747750110952211e+02
2.968450075061044799e+02
2.955436372724370813e+02
2.922652000716820453e+02
2.921625124741701711e+02
2.909805176483740752e+02
2.906285957477210786e+02
2.883441611203073194e+02
2.876514181956629272e+02
2.841396780248549021e+02
2.834639906001876284e+02
2.823379241845154866e+02
2.801361013999437546e+02
2.795971581501676155e+02
2.775189905020639003e+02
2.761922421654991808e+02
2.751414991413022904e+02
2.739799275465343271e+02
2.729228670577930416e+02
2.707531603201187522e+02
2.692796845200750226e+02
2.687181846998640253e+02
2.677777768136371606e+02
2.664035612208222688e+02
2.652103504227603707e+02
2.642245726928454133e+02
2.628277357006875832e+02
2.608180056732687149e+02
2.604643384966803410e+02
2.583748818507983174e+02
2.573105322224666338e+02
2.552747112866421162e+02
2.535409894597969469e+02
2.529227109465689409e+02
2.511048234006716768e+02
2.506855844432233198e+02
2.492325451517918111e+02
2.480533811194549401e+02
2.467544919484189450e+02
2.461274826629822883e+02
2.442653870874268875e+02
2.428769998669009738e+02
2.422368607912590903e+02
2.417897077875104799e+02
2.408542325574736651e+02
2.394619043757923578e+02
2.383091443217737435e+02
2.370119112245706390e+02
2.363198665009071249e+02
2.348540019033413273e+02
2.340403556647793550e+02
2.326534794516028057e+02
2.313271391616311803e+02
2.297037374424183156e+02
2.284041789068911896e+02
2.271994731925387612e+02
2.254418024421173072e+02
2.244366116869834968e+02
2.227565306368343840e+02
2.216647251942359276e+02
2.199544311866611110e+02
2.193170442866221492e+02
2.176338413447738844e+02
2.171392077072374320e+02
2.164672074327283156e+02
2.140723363978728173e+02
2.125658061879968272e+02
2.111076650026818697e+02
2.102643637564495975e+02
2.091191828541144559e+02
2.083445808310971756e+02
2.068155384148334122e+02
2.058839903714030015e+02
2.041742936356943119e+02
2.037304615982703524e+02
2.021418203076341342e+02
2.012409355013035110e+02
1.997992473909132514e+02
1.990071448188369914e+02
1.975328635170256177e+02
1.966767902830312380e+02
1.958424090507810433e+02
1.939052870831648931e+02
1.934572801405843165e+02
1.894131245720221557e+02
1.886948540467844282e+02
1.867113223997713760e+02
1.861118643136297806e+02
1.848537491737952507e+02
1.842106209594947188e+02
1.827787039262141775e+02
1.817376574545994572e+02
1.795260996590170066e+02
1.783181766970503190e+02
1.761318628525095562e+02
1.745238225730177817e+02
1.730411059194572374e+02
