-1.875945864754154035e+00
-1.880399144743156725e+00
-1.884855011293607774e+00
-1.889296999974056535e+00
-1.893722248011084908e+00
-1.898142930688236696e+00
-1.902585064132794379e+00
-1.907084797257387221e+00
-1.911682712133104811e+00
-1.916417006038278137e+00
-1.921316690174437625e+00
-1.926396041584678365e+00
-1.931651421278768099e+00
-1.937061195429786498e+00
-1.942588907692260447e+00
-1.948189164758649783e+00
-1.953815082157187355e+00
-1.959425763668326104e+00
-1.964992271181706052e+00
-1.970500900238764785e+00
-1.975953220455033854e+00
-1.981363099857518906e+00
-1.986751611258046335e+00
-1.992141152441773588e+00
-1.997550211800398046e+00
-2.002989981571719369e+00
-2.008463546416725976e+00
-2.013967785718989933e+00
-2.019497558425511485e+00
-2.025051295291187881e+00
-2.030636865285554205e+00
-2.036276526735422365e+00
-2.042009904754141125e+00
-2.047894224424315013e+00
-2.054001437212836567e+00
-2.060412362281391463e+00
-2.067208467856938015e+00
-2.074462367485922165e+00
-2.082228418339073350e+00
-2.090534907007938870e+00
-2.099379145726799845e+00
-2.108726382642619690e+00
-2.118512817263071391e+00
-2.128652321787427582e+00
-2.139045842974036660e+00
-2.149592031713670526e+00
-2.160197508684469803e+00
-2.170785344746990919e+00
-2.181300758403485585e+00
-2.191713594449433256e+00
-2.202017708119867745e+00
-2.212227814976842399e+00
-2.222374606305458578e+00
-2.232498964215056336e+00
-2.242645985247485374e+00
-2.252859310541373894e+00
-2.263176041187103138e+00
-2.273622349735673787e+00
-2.284209819806291453e+00
-2.294932568290993569e+00
-2.305765317222372879e+00
-2.316662746060039968e+00
-2.327560602848176341e+00
-2.338379098013560142e+00
-2.349028965439177163e+00
-2.359420208623641102e+00
-2.369472983434289581e+00
-2.379129416648115836e+00
-2.388364602208780774e+00
-2.397194753687010849e+00
-2.405680670176755687e+00
-2.413925329993557245e+00
-2.422065456375053216e+00
-2.430258071914338291e+00
-2.438664081795367977e+00
-2.447431533406013049e+00
-2.456681232055091257e+00
-2.466496845425562245e+00
-2.476920654259181731e+00
-2.487954961898512174e+00
-2.499568147926175765e+00
-2.511703674837116207e+00
-2.524290150050847892e+00
-2.537250788859190642e+00
-2.550511177550932818e+00
-2.564004892101011901e+00
-2.577677077381136161e+00
-2.591486387449891016e+00
-2.605405685185303355e+00
-2.619421668478584486e+00
-2.633533286597634415e+00
-2.647748621225344934e+00
-2.662079979150978382e+00
-2.676537322347677605e+00
-2.691120759226925507e+00
-2.705813438818591266e+00
-2.720576581100429436e+00
-2.735348337909640382e+00
-2.750047628586531179e+00
-2.764583113312732543e+00
-2.778866280908065978e+00
-2.792826542191306771e+00
-2.806425529351008308e+00
-2.819667704323648216e+00
-2.832604923031295296e+00
-2.845333676052280936e+00
-2.857985092659768522e+00
-2.870709155088201125e+00
-2.883655637181282483e+00
-2.896954848451449127e+00
-2.910701242570126190e+00
-2.924942378251580433e+00
-2.939674747437654112e+00
-2.954846822721271860e+00
-2.970368549312915718e+00
-2.986125609249745683e+00
-3.001996240757242251e+00
-3.017868241898876480e+00
-3.033653982687342321e+00
-3.049301696692155783e+00
-3.064801908075657000e+00
-3.080188478354267900e+00
-3.095534372283206270e+00
-3.110942818390089570e+00
-3.126535055740717439e+00
-3.142436270473922377e+00
-3.158761558818703907e+00
-3.175603724838776731e+00
-3.193024384221375467e+00
-3.211049231553234407e+00
-3.229667561633945194e+00
-3.248835404050121056e+00
-3.268481125606596205e+00
-3.288512200220437443e+00
-3.308822047479802464e+00
-3.329296287424128753e+00
-3.349818263809018148e+00
-3.370274062572956364e+00
-3.390557375622658132e+00
-3.410574418808110853e+00
-3.430248795873189316e+00
-3.449525855211122316e+00
-3.468375859884285539e+00
-3.486795275964965413e+00
-3.504805692297532360e+00
-3.522450254727637287e+00
-3.539787923444176254e+00
-3.556886230129089999e+00
-3.573813434324539351e+00
-3.590631012980031400e+00
-3.607387271299923537e+00
-3.624112588994133244e+00
-3.640816494863858832e+00
-3.657486481200314721e+00
-3.674088294464349591e+00
-3.690567395506093806e+00
-3.706851347922855755e+00
-3.722853007146156301e+00
-3.738474476412857683e+00
-3.753611820890184969e+00
-3.768160478729686513e+00
-3.782021204158435790e+00
-3.795106264224388237e+00
-3.807345519263710010e+00
-3.818691956258439824e+00
-3.829126204005530720e+00
-3.838659528235644380e+00
-3.847334789530702182e+00
-3.855224877591096000e+00
-3.862428257957067235e+00
-3.869061521096543110e+00
-3.875249217058724494e+00
-3.881111751957829537e+00
-3.886752626192645721e+00
-3.892246684870878326e+00
-3.897631198571976263e+00
-3.902901396917566323e+00
-3.908011503053447466e+00
-3.912881420771686880e+00
-3.917408164027442741e+00
-3.921480125516982440e+00
-3.924991615245520649e+00
-3.927854967514472495e+00
-3.930007993868441130e+00
-3.931415558508563279e+00
-3.932065322849308764e+00
-3.931958913801753663e+00
-3.931100606107769124e+00
-3.929485889942536225e+00
-3.927092021946642308e+00
-3.923871999971636271e+00
-3.919752615869019241e+00
-3.914636561465374864e+00
-3.908408115172946395e+00
-3.900941707878932796e+00
-3.892112549357093165e+00
-3.881808373009115520e+00
-3.869941178817929650e+00
-3.856457672662087610e+00
-3.841347032113177296e+00
-3.824644786174014488e+00
-3.806432015548283587e+00
-3.786829695502994308e+00
-3.765988676763376564e+00
-3.744076384722711648e+00
-3.721261720989474497e+00
-3.697699858898987557e+00
-3.673518673304187576e+00
-3.648808469604118088e+00
-3.623616464274649118e+00
-3.597947054158945779e+00
-3.571768224812220449e+00
-3.545023488887367513e+00
-3.517647640140475485e+00
-3.489583611399116769e+00
-3.460797150565834368e+00
-3.431286138631427285e+00
-3.401082262432663761e+00
-3.370244289316883357e+00
-3.338844029325912732e+00
-3.306947758075054811e+00
-3.274596977495111805e+00
-3.241792628469177373e+00
-3.208486181618943167e+00
-3.174579596073473287e+00
-3.139934303706341190e+00
-3.104387579193235602e+00
-3.067773293411592661e+00
-3.029943390948425463e+00
-2.990786567209535729e+00
-2.950241435888470320e+00
-2.908302707746938776e+00
-2.865020209713795118e+00
-2.820491652051122511e+00
-2.774850710993684633e+00
-2.728252206027391491e+00
-2.680856030782095001e+00
-2.632811236302237567e+00
-2.584241440879679885e+00
-2.535232634883923808e+00
-2.485824425222333378e+00
-2.436005696669443221e+00
-2.385715416342475415e+00
-2.334848800430144866e+00
-2.283268345056130855e+00
-2.230818458105552793e+00
-2.177341837407066993e+00
-2.122695515752583528e+00
-2.066764717201110546e+00
-2.009473272608215844e+00
-1.950790123419897881e+00
-1.890732141331798344e+00
-1.829363890193012931e+00
-1.766794967723110288e+00
-1.703175265001398042e+00
-1.638688080286967663e+00
-1.573540774179070789e+00
-1.507952746764931851e+00
-1.442141000779907589e+00
-1.376304304727332450e+00
-1.310607734872647923e+00
-1.245169865525145969e+00
-1.180054869355654956e+00
-1.115271205141718402e+00
-1.050777504541360541e+00
-9.864949629641172058e-01
-9.223243065142899821e-01
-8.581645450601195213e-01
-7.939304317260124089e-01
-7.295658863571693464e-01
-6.650515055070072012e-01
-6.004054537747515186e-01
-5.356782326094524649e-01
-4.709427931337137330e-01
-4.062820248470337403e-01
-3.417757614914745390e-01
-2.774891687470789625e-01
-2.134638650685883599e-01
-1.497125435591392661e-01
-8.621733575348911049e-02
-2.293174300036618027e-02
4.021435234533425607e-02
1.033073368922787366e-01
1.664411403351397367e-01
2.297082739974179999e-01
2.931918479489358242e-01
3.569596748159497568e-01
4.210612324946366725e-01
4.855277098484458986e-01
5.503747012241810843e-01
6.156065147738515320e-01
6.812206971300238667e-01
7.472113808988684047e-01
8.135704523557782952e-01
8.802862106352875582e-01
9.473399479830104664e-01
1.014701497977429145e+00
1.082325101973766301e+00
1.150146869981060638e+00
1.218084719640873281e+00
1.286041111796914604e+00
1.353908331517198249e+00
1.421575616791579399e+00
1.488937166701787218e+00
1.555899953148978776e+00
1.622390273019102436e+00
1.688358082793643522e+00
1.753778361825885312e+00
1.818649082243483983e+00
1.882985834477052256e+00
1.946813724520953137e+00
2.010157712277535147e+00
2.073032950175012878e+00
2.135436774416049843e+00
2.197343738475854735e+00
2.258704505201329926e+00
2.319448668072384478e+00
2.379490835935703874e+00
2.438738752931827847e+00
2.497101934819372815e+00
2.554499301853990545e+00
2.610864531189905691e+00
2.666148265889044300e+00
2.720316835666603872e+00
2.773347715692360715e+00
2.825222528074453177e+00
2.875918912074150846e+00
2.925402957993609832e+00
2.973623999907138771e+00
3.020513295373053353e+00
3.065987456047602144e+00
3.109956511174875260e+00
3.152335382832478050e+00
3.193056604968991241e+00
3.232081611026985879e+00
3.269408044591824325e+00
3.305071346903525331e+00
3.339140178372235646e+00
3.371706702869478267e+00
3.402873989472364080e+00
3.432743403070658061e+00
3.461404674177669172e+00
3.488930418106811260e+00
3.515375509164558210e+00
3.540780340938266768e+00
3.565176043741654865e+00
3.588589453956877673e+00
3.611046064595603955e+00
3.632570122372503540e+00
3.653182119023366869e+00
3.672894790580722546e+00
3.691709143950701044e+00
3.709611919285325854e+00
3.726575391430512418e+00
3.742559740720183825e+00
3.757517613839924220e+00
3.771400103044157515e+00
3.784163237200538710e+00
3.795774144531829819e+00
3.806216211563420160e+00
3.815492732571811096e+00
3.823628673243219644e+00
3.830670270691340029e+00
3.836682304232680085e+00
3.841743044878543678e+00
3.845937147171372139e+00
3.849347064581252198e+00
3.852043892320434537e+00
3.854078793480950615e+00
3.855476273275684207e+00
3.856230479567714031e+00
3.856305403282180411e+00
3.855639341618009475e+00
3.854153321123891196e+00
3.851762451812223986e+00
3.848388536529220083e+00
3.843971858045173384e+00
3.838480063826154254e+00
3.831912549633947673e+00
3.824299667302273775e+00
3.815697258237745970e+00
3.806178129542206801e+00
3.795822795821913509e+00
3.784711844326612340e+00
3.772921579435069894e+00
3.760523351144835935e+00
3.747585571859744835e+00
3.734176366886280629e+00
3.720364493798229866e+00
3.706216769028611857e+00
3.691791597245681178e+00
3.677129859938991885e+00
3.662245788461274465e+00
3.647120993120543719e+00
3.631704278901492611e+00
3.615918363558574100e+00
3.599672594967717298e+00
3.582878912525500503e+00
3.565467248673057199e+00
3.547396694503043957e+00
3.528660029907464413e+00
3.509281221027919173e+00
3.489307547282522126e+00
3.468799459036806088e+00
3.447821633692007115e+00
3.426437917002555178e+00
3.404711219608034689e+00
3.382707561544110231e+00
3.360501951498860329e+00
3.338183126994304750e+00
3.315854537204473651e+00
3.293630154521815179e+00
3.271625328657392640e+00
3.249944421711763454e+00
3.228667933634902010e+00
3.207842004169735084e+00
3.187472580788190069e+00
3.167525416213934353e+00
3.147931766137741505e+00
3.128598551881879075e+00
3.109421076448198207e+00
3.090296214182440604e+00
3.071134256347633595e+00
3.051868107805582930e+00
3.032459091434591247e+00
3.012899076372185014e+00
2.993208951348914404e+00
2.973433663931597692e+00
2.953634248462830847e+00
2.933877567065668046e+00
2.914224906263322090e+00
2.894721008556341957e+00
2.875385384093454899e+00
2.856207641661006935e+00
2.837147995492412811e+00
2.818143116475806842e+00
2.799116358522181880e+00
2.779990457664457182e+00
2.760700380394760067e+00
2.741204208947384924e+00
2.721490665589806124e+00
2.701582771577982101e+00
2.681537840867001421e+00
2.661444286175825180e+00
2.641415572064405470e+00
2.621581331560385753e+00
2.602075529138375032e+00
2.583021891043018936e+00
2.564517687820079495e+00
2.546618101715295346e+00
2.529324375566980976e+00
2.512579202294634051e+00
2.496272021624643678e+00
2.480255022830585521e+00
2.464368078828785169e+00
2.448468238294637001e+00
2.432457574446684756e+00
2.416302793717531650e+00
2.400041347450271090e+00
2.383771680383460989e+00
2.367629032509970699e+00
2.351751912381237819e+00
2.336246956098542604e+00
2.321160600143601815e+00
2.306464541191232342e+00
2.292058647357448464e+00
2.277790676305841977e+00
2.263488005789272339e+00
2.248993719894549326e+00
2.234198577541920194e+00
2.219061777855253936e+00
2.203616552093533798e+00
2.187960506209683853e+00
2.172234206631372011e+00
2.156593827645798989e+00
2.141184291261508221e+00
2.126118294444627299e+00
2.111464442421468135e+00
2.097245125241562480e+00
2.083442502029770882e+00
2.070009495557951773e+00
2.056882252663847943e+00
2.043991014345769131e+00
2.031267482362574484e+00
2.018648188333692861e+00
2.006074684354164361e+00
1.993492267254044936e+00
1.980849228082861790e+00
1.968098243662945501e+00
1.955200622156485046e+00
1.942132947690461853e+00
1.928894592389509333e+00
1.915513918887870259e+00
1.902051005925800897e+00
1.888595418117619440e+00
1.875258713334819305e+00
1.862162681223992866e+00
1.849425337977404382e+00
1.837147168860770119e+00
1.825399916092165231e+00
1.814219485039167301e+00
1.803603576387312835e+00
1.793513774345505629e+00
1.783881270692740717e+00
1.774615251725842224e+00
1.765613115433394498e+00
1.756771906090071500e+00
1.748000435453084478e+00
1.739231381915380403e+00
1.730432251126835075e+00
1.721613618810936552e+00
1.712832814374193102e+00
1.704191379486160285e+00
1.695825368892386109e+00
1.687888789754716123e+00
1.680531952350943214e+00
1.673877852715103920e+00
1.668000531372467510e+00
1.662909362898874699e+00
1.658542347438027198e+00
1.654769864004189017e+00
1.651408381592884389e+00
1.648241783290683049e+00
1.645046673423124162e+00
1.641617570001882465e+00
1.637788256875101656e+00
1.633446580830559158e+00
1.628541293778505539e+00
1.623080818269540648e+00
1.617124821549219993e+00
1.610770144621244349e+00
1.604133011687736365e+00
1.597329662618773405e+00
1.590457689956811915e+00
1.583580407079642205e+00
1.576716415858715248e+00
1.569836043749228471e+00
1.562865414558594290e+00
1.555697682387296998e+00
1.548209631469728897e+00
1.540280759902555863e+00
1.531811439403051756e+00
1.522736957345099729e+00
1.513035173556688040e+00
1.502726928032784626e+00
1.491869849638685297e+00
1.480547456357396818e+00
1.468856118687873247e+00
1.456892466091625149e+00
1.444743227811710495e+00
1.432478539773584192e+00
1.420148717787637960e+00
1.407783678220148493e+00
1.395393774713264312e+00
1.382970872454720723e+00
1.370488919107040848e+00
1.357903907423966494e+00
1.345153729666326958e+00
1.332158798627067542e+00
1.318824343639799279e+00
1.305044987457900429e+00
1.290711679230149622e+00
1.275720464989192449e+00
1.259982084082241105e+00
1.243431103542360638e+00
1.226033289469393717e+00
1.207790149889647058e+00
1.188740011205763558e+00
1.168955532716248413e+00
1.148538130858966388e+00
1.127610276722764926e+00
1.106306943675251064e+00
1.084767530854973128e+00
1.063129336596372765e+00
1.041523146247314235e+00
1.020070859983771339e+00
9.988845058337842975e-01
9.780656498546764777e-01
9.577042491783984701e-01
9.378763927672423284e-01
9.186410049772365527e-01
9.000362221596591716e-01
8.820765543282094168e-01
8.647519517276130996e-01
8.480294897881762717e-01
8.318576956797240074e-01
8.161727982760647038e-01
8.009056396007644407e-01
7.859878139553001519e-01
7.713558412466724468e-01
7.569527334893321191e-01
7.427269838117800393e-01
7.286295849431327909e-01
7.146100191285063019e-01
7.006122100689298193e-01
6.865712508564054684e-01
6.724114421326120583e-01
6.580459129297996368e-01
6.433779221731631415e-01
6.283038515033168014e-01
6.127178484300336292e-01
5.965179982793940017e-01
5.796137517831460029e-01
5.619341095982303136e-01
5.434357992697940176e-01
5.241104327633012705e-01
5.039894766434581674e-01
4.831458810281097915e-01
4.616914673470604580e-01
4.397697015202771675e-01
4.175442391247441432e-01
3.951844885754463021e-01
3.728501823966404727e-01
3.506773376351810523e-01
3.287678508691140311e-01
3.071842810955640601e-01
2.859502720379394347e-01
2.650558458132870054e-01
2.444658094878069676e-01
2.241290431050638188e-01
2.039866142663036841e-01
1.839774185650574767e-01
1.640411202712981631e-01
1.441192009816874564e-01
1.241555641284213252e-01
1.040981695269026924e-01
8.390257681429452719e-02
6.353727828348663953e-02
4.298967699429229183e-02
2.227091701246190075e-02
1.417773706641137308e-03
-1.950950145935389027e-02
-4.043334076900277629e-02
-6.126778100822553169e-02
-8.192806817039610667e-02
-1.023386913319107167e-01
-1.224381124988409564e-01
-1.421794806087237351e-01
-1.615277868142018514e-01
-1.804548677416386027e-01
-1.989341380843286100e-01
-2.169368583071982770e-01
-2.344312171508329823e-01
-2.513847413538754516e-01
-2.677697633583447367e-01
-2.835710469863186312e-01
-2.987942592122290741e-01
-3.134737700379102154e-01
-3.276782188345007119e-01
-3.415123842234211171e-01
-3.551141627218978303e-01
-3.686459550151367504e-01
-3.822805131348696595e-01
-3.961822780234034447e-01
-4.104862933864787955e-01
-4.252776885096805071e-01
-4.405752173527799909e-01
-4.563222084104227028e-01
-4.723874283536838581e-01
-4.885768727469208539e-01
-5.046556209626300582e-01
-5.203770021968309178e-01
-5.355148204743485074e-01
-5.498936177275387527e-01
-5.634121059023557976e-01
-5.760559688301886139e-01
-5.878980269798539382e-01
-5.990859272268901359e-01
-6.098196411355840674e-01
-6.203227151154052654e-01
-6.308121003045511488e-01
-6.414713561311411461e-01
-6.524311293705905568e-01
-6.637593035753049930e-01
-6.754614481644763968e-01
-6.874905406783354822e-01
-6.997636738164019210e-01
-7.121827310834077940e-01
-7.246558133378072641e-01
-7.371164142073860504e-01
-7.495378372047956095e-01
-7.619410174177595474e-01
-7.743947103241592966e-01
-7.870079295644278883e-01
-7.999155259858007350e-01
-8.132588056766998363e-01
-8.271639115840628831e-01
-8.417211369315615865e-01
-8.569682468818166088e-01
-8.728802372334281134e-01
-8.893668960258066525e-01
-9.062783160985787845e-01
-9.234174179745228139e-01
-9.405577852003175199e-01
-9.574647443895865084e-01
-9.739175542760541981e-01
-9.897306439883541973e-01
-1.004771925350818051e+00
-1.018976260917334509e+00
-1.032352281999991739e+00
-1.044981079964932169e+00
-1.057005991907644216e+00
-1.068613820004711501e+00
-1.080009252811470644e+00
-1.091385723833064647e+00
-1.102897072861947159e+00
-1.114634798401719085e+00
-1.126615159011577383e+00
-1.138778870867963144e+00
-1.151003888329893199e+00
-1.163129195681527062e+00
-1.174985254000484369e+00
-1.186425289473612255e+00
-1.197351367212792450e+00
-1.207730284409762156e+00
-1.217596536293612086e+00
-1.227042465511907210e+00
-1.236198522375461017e+00
-1.245208640941129374e+00
-1.254206543737994783e+00
-1.263298126125059984e+00
-1.272553146812873237e+00
-1.282006830082411897e+00
-1.291669423957817475e+00
-1.301539965720269754e+00
-1.311619919939597478e+00
-1.321923015463758011e+00
-1.332479173106638548e+00
-1.343332301128333794e+00
-1.354533332605196705e+00
-1.366130760864625593e+00
-1.378160973885198315e+00
-1.390640078175052974e+00
-1.403558013827588269e+00
-1.416874997884222775e+00
-1.430519964630852847e+00
-1.444390752840421399e+00
-1.458356164539167610e+00
-1.472260408844976887e+00
-1.485930574310247776e+00
-1.499187490299068726e+00
-1.511859668250991717e+00
-1.523799150168609451e+00
-1.534897318600612293e+00
-1.545098309400097625e+00
-1.554407775581588602e+00
-1.562895378250032108e+00
-1.570690379645580448e+00
-1.577970843616284036e+00
-1.584947958552902492e+00
-1.591847691865307501e+00
-1.598892260453172343e+00
-1.606283748154091473e+00
-1.614191681183194671e+00
-1.622745597861173783e+00
-1.632032764492390653e+00
-1.642100360302252815e+00
-1.652960844307427735e+00
-1.664598950015441448e+00
-1.676978870476076189e+00
-1.690050625728393818e+00
-1.703755178197400522e+00
-1.718028371611397098e+00
-1.732804053397374533e+00
-1.748016748821228372e+00
-1.763604060248947336e+00
-1.779508712434862083e+00
-1.795679989935996090e+00
-1.812074274483411074e+00
-1.828654459971964297e+00
-1.845388130318288855e+00
-1.862244484775005482e+00
-1.879190103936857481e+00
-1.896183833085149706e+00
-1.913171370141321992e+00
-1.930080556496882815e+00
-1.946818746936404443e+00
-1.963273774449813880e+00
-1.979319736098885230e+00
-1.994828031585933470e+00
-2.009682894292158295e+00
-2.023799355128903965e+00
-2.037140565137419923e+00
-2.049731033936385227e+00
-2.061662807123608054e+00
-2.073092839408084753e+00
-2.084231507258199390e+00
-2.095323888626522191e+00
-2.106626678025218524e+00
-2.118384127125349181e+00
-2.130806169168153463e+00
-2.144051086910919057e+00
-2.158214031942146782e+00
-2.173321713081652007e+00
-2.189332859308732893e+00
-2.206143700863847368e+00
-2.223597644369198267e+00
-2.241498410205916336e+00
-2.259626001808296092e+00
-2.277754864973249749e+00
-2.295673404135216700e+00
-2.313203652007236322e+00
-2.330219410412982750e+00
-2.346660734561254902e+00
-2.362542414884201136e+00
-2.377954325010840808e+00
-2.393052296193333817e+00
-2.408039550218850522e+00
-2.423140478868745618e+00
-2.438570311326909490e+00
-2.454505471297123265e+00
-2.471059750826690937e+00
-2.488270587546814294e+00
-2.506097818393175025e+00
-2.524434718601799243e+00
-2.543128566017094805e+00
-2.562006076634554930e+00
-2.580898340575918493e+00
-2.599660517892266043e+00
-2.618183315070778061e+00
-2.636395623350884065e+00
-2.654259973625426206e+00
-2.671764018461643797e+00
-2.688911698112195214e+00
-2.705717042782166626e+00
-2.722202018953666869e+00
-2.738398001223142142e+00
-2.754348965259582727e+00
-2.770113836312794398e+00
-2.785765780571662908e+00
-2.801387431491409341e+00
-2.817062650328864493e+00
-2.832866854331128170e+00
-2.848858707335464313e+00
-2.865075797597349982e+00
-2.881535883676308973e+00
-2.898243705365256329e+00
-2.915201716779991070e+00
-2.932421874818138097e+00
-2.949935132914643265e+00
-2.967795655756414241e+00
-2.986077882468714861e+00
-3.004866166322394339e+00
-3.024238470240678822e+00
-3.044247144975589681e+00
-3.064900837193527128e+00
-3.086151814650444969e+00
-3.107892317401435012e+00
-3.129961976382634958e+00
-3.152166117729216843e+00
-3.174302328170027998e+00
-3.196190560251913837e+00
-3.217700868318103868e+00
-3.238772978389202972e+00
-3.259423386387559241e+00
-3.279738258256254646e+00
-3.299853467852240207e+00
-3.319925897074864629e+00
-3.340101942194942719e+00
-3.360489583135945146e+00
-3.381139314200833024e+00
-3.402037018288895265e+00
-3.423109081591410252e+00
-3.444237391369118217e+00
-3.465279961782658624e+00
-3.486092193123512928e+00
-3.506544277698037337e+00
-3.526531793097460454e+00
-3.545978599502057627e+00
-3.564833202970033366e+00
-3.583061235156422164e+00
-3.600637299173360617e+00
-3.617539081814741486e+00
-3.633745541664354040e+00
-3.649239539920803743e+00
-3.664013924351154916e+00
-3.678079160056580310e+00
-3.691470299975190272e+00
-3.704251376585882660e+00
-3.716515986416093487e+00
-3.728383670785498261e+00
-3.739992438025137034e+00
-3.751488294548985802e+00
-3.763012947010715870e+00
-3.774690981212861285e+00
-3.786617900055744279e+00
-3.798850436077170212e+00
-3.811400481293057751e+00
-3.824233685955717998e+00
-3.837273188184081807e+00
-3.850408080535718813e+00
-3.863505274017550839e+00
-3.876422661844105111e+00
-3.889021186253543316e+00
-3.901173717696416965e+00
-3.912769509442937999e+00
-3.923714138586050115e+00
-3.933925928883866163e+00
-3.943330548202421681e+00
-3.951855616622528711e+00
-3.959426793942375955e+00
-3.965966153627001667e+00
-3.971392976076413728e+00
-3.975626629377991605e+00
-3.978591026626447924e+00
-3.980220175478167199e+00
-3.980464396190015908e+00
-3.979296719118833980e+00
-3.976718724511497438e+00
-3.972764737923624168e+00
-3.967503029330190945e+00
-3.961032686108888257e+00
-3.953475263317515864e+00
-3.944961139994431321e+00
-3.935611563220822173e+00
-3.925518389443895639e+00
-3.914724281437613751e+00
-3.903206414173240546e+00
-3.890866525848110768e+00
-3.877529469846835664e+00
-3.862951391140362123e+00
-3.846837397088379795e+00
-3.828867248424429270e+00
-3.808726304517359829e+00
-3.786137897872693170e+00
-3.760892707235370391e+00
-3.732870767875737794e+00
-3.702052640493008973e+00
-3.668517920979963876e+00
-3.632431450023868358e+00
-3.594019813831429211e+00
-3.553542471419896209e+00
-3.511262640615757658e+00
-3.467422707565934736e+00
-3.422227503748424660e+00
-3.375836731033072358e+00
-3.328365689162652075e+00
-3.279891832926636219e+00
-3.230463929212131990e+00
-3.180110779889320227e+00
-3.128847426586638836e+00
-3.076678074771950211e+00
-3.023596241330330781e+00
-2.969583505370950061e+00
-2.914608559512180008e+00
-2.858628034998340617e+00
-2.801589965296193530e+00
-2.743439982018992307e+00
-2.684129618482942181e+00
-2.623625583282172435e+00
-2.561918630114541795e+00
-2.499030686809788904e+00
-2.435019161806295074e+00
-2.369977744382173679e+00
-2.304033481110534964e+00
-2.237340383091999563e+00
-2.170070247485635484e+00
-2.102401721852292127e+00
-2.034508863951341784e+00
-1.966550521039036159e+00
-1.898661751315769086e+00
-1.830948236452501598e+00
-1.763484215115104892e+00
-1.696313956511276366e+00
-1.629456263816522643e+00
-1.562911033710105757e+00
-1.496666582562535819e+00
-1.430706350286007567e+00
-1.365013749259822884e+00
-1.299574334512213714e+00
-1.234375074272105133e+00
-1.169401183443184777e+00
-1.104631593454843852e+00
-1.040034512014198276e+00
-9.755645571915495529e-01
-9.111625956917429603e-01
-8.467587431471673698e-01
-7.822781584022301393e-01
-7.176485021488494542e-01
-6.528074434858265329e-01
-5.877085257213408021e-01
-5.223240705847753684e-01
-4.566445110498519866e-01
-3.906744072389011224e-01
-3.244261912674106241e-01
-2.579132081271516830e-01
-1.911437545571453012e-01
-1.241175556287489462e-01
-5.682554681007345038e-02
1.074690044720756806e-02
7.861388846742389802e-02
1.467811760456091130e-01
2.152380817007995273e-01
2.839505908087334718e-01
3.528569418784128220e-01
4.218665815746706071e-01
4.908628926788253799e-01
5.597095846811154241e-01
6.282601475856081086e-01
6.963693456571249385e-01
7.639054031111973675e-01
8.307613450496443841e-01
8.968639467557205647e-01
9.621789523931694177e-01
1.026711668310040571e+00
1.090502691054955120e+00
1.153619311963039795e+00
1.216143909088877928e+00
1.278161223048577488e+00
1.339746658925018652e+00
1.400957568195687619e+00
1.461828851571280063e+00
1.522373308638029998e+00
1.582586155891155366e+00
1.642452287140604650e+00
1.701954367229029375e+00
1.761079838542584097e+00
1.819825354899725856e+00
1.878197894211151908e+00
1.936212626066782239e+00
1.993888310416955578e+00
2.051241429406225780e+00
2.108280353166640086e+00
2.165000651578105728e+00
2.221382287980732340e+00
2.277388986816220484e+00
2.332969659041796096e+00
2.388061467134072746e+00
2.442593948190411979e+00
2.496493587293341143e+00
2.549688313227977954e+00
2.602111523047013986e+00
2.653705371745209263e+00
2.704423142301737748e+00
2.754230527129717832e+00
2.803105635654154604e+00
2.851037558808468653e+00
2.898023437476114239e+00
2.944064231094114970e+00
2.989159734189228423e+00
3.033303745374362315e+00
3.076480518241385909e+00
3.118663587987659636e+00
3.159817703615522611e+00
3.199903932807415696e+00
3.238887178930999422e+00
3.276744566968570638e+00
3.313472647686023453e+00
3.349091320357338031e+00
3.383642861883878528e+00
3.417185415038908047e+00
3.449781538619219656e+00
3.481483672090174508e+00
3.512319304654125229e+00
3.542279002523150311e+00
3.571310100469498039e+00
3.599317836633928014e+00
3.626174212437700994e+00
3.651733236910025493e+00
3.675849860792109514e+00
3.698399154766890184e+00
3.719292314607544281e+00
3.738486850119577376e+00
3.755989604540523441e+00
3.771852707557933559e+00
3.786163831353262399e+00
3.799032933893048192e+00
3.810577932146431035e+00
3.820911503168337386e+00
3.830130626542263883e+00
3.838309760090305556e+00
3.845497858150837889e+00
3.851718908279833986e+00
3.856975314613230399e+00
3.861253275178882394e+00
3.864529241047152563e+00
3.866776564882832723e+00
3.867971523152261337e+00
3.868098031126134817e+00
3.867150576464954970e+00
3.865135182748750786e+00
3.862068561278106493e+00
3.857975966290466019e+00
3.852888555356376976e+00
3.846841185398643059e+00
3.839871480545046900e+00
3.832020678241318645e+00
3.823336250913166534e+00
3.813875731479437814e+00
3.803710695774322303e+00
3.792929615827418832e+00
3.781638379912497072e+00
3.769957675712706013e+00
3.758017059906166413e+00
3.745946237490229702e+00
3.733864679489768967e+00
3.721871085086368325e+00
3.710034277715665851e+00
3.698386922779470343e+00
3.686923033341196643e+00
3.675599683510815119e+00
3.664342771075361327e+00
3.653056138733532521e+00
3.641632935068743748e+00
3.629967815325374048e+00
3.617968480141083631e+00
3.605565145936742599e+00
3.592716830338702927e+00
3.579413787010336190e+00
3.565675972814640993e+00
3.551547989448863074e+00
3.537091417802077142e+00
3.522375775692420774e+00
3.507469429472335420e+00
3.492431671919348890e+00
3.477306882304804780e+00
3.462121283001656113e+00
3.446882387339564868e+00
3.431580871887918160e+00
3.416194349536818109e+00
3.400692377823508306e+00
3.385041991178463050e+00
3.369213065780386707e+00
3.353182887725002725e+00
3.336939392472623833e+00
3.320482684889079827e+00
3.303824647632225275e+00
3.286986703075099658e+00
3.269996089389467286e+00
3.252881297729837584e+00
3.235667528954186078e+00
3.218373097713998821e+00
3.201007592642401534e+00
3.183572289459278615e+00
3.166062858659576928e+00
3.148473909709264884e+00
3.130804493500478181e+00
3.113063456825026609e+00
3.095273569831004323e+00
3.077473619298527030e+00
3.059718094219631812e+00
3.042074558168979870e+00
3.024619178188701962e+00
3.007431080194054918e+00
2.990586215472941678e+00
2.974151309720170389e+00
2.958178321152544754e+00
2.942699745326670779e+00
2.927725109490641575e+00
2.913239069141936088e+00
2.899201570685266294e+00
2.885550480148571406e+00
2.872206838298597464e+00
2.859082498493523694e+00
2.846089423787506512e+00
2.833149501563946071e+00
2.820203512764604792e+00
2.807217950357954184e+00
2.794188715004758183e+00
2.781141238680121308e+00
2.768127162023992671e+00
2.755218178393703976e+00
2.742497958949924097e+00
2.730053157670691899e+00
2.717964398007080451e+00
2.706297941995901013e+00
2.695098525642586118e+00
2.684383677960654691e+00
2.674139753090319260e+00
2.664319882947681961e+00
2.654844061367815033e+00
2.645601550907073829e+00
2.636455722753380915e+00
2.627251284881275684e+00
2.617823636664229792e+00
2.608009842664246403e+00
2.597660485540095987e+00
2.586651476073099865e+00
2.574894795625346067e+00
2.562347140963406655e+00
2.549015543370251269e+00
2.534959246426582880e+00
2.520287442688325719e+00
2.505152865367974435e+00
2.489741663447323283e+00
2.474260397052438609e+00
2.458921309856255011e+00
2.443927215636506389e+00
2.429457354223494736e+00
2.415655438825273560e+00
2.402620869621457267e+00
2.390403776190090035e+00
2.379004216938107596e+00
2.368375534447691333e+00
2.358431551788322533e+00
2.349056996931861541e+00
2.340120262056669009e+00
2.331487353339716684e+00
2.323035689988053321e+00
2.314666305078302955e+00
2.306313025878450773e+00
2.297947403505071318e+00
2.289578541923873889e+00
2.281247540080820535e+00
2.273016969050938307e+00
2.264956577999472032e+00
2.257127138478714379e+00
2.249564850854638642e+00
2.242268906900410919e+00
2.235194526785316604e+00
2.228253043555328716e+00
2.221319475211329664e+00
2.214246691875606743e+00
2.206884019714397294e+00
2.199097211496236604e+00
2.190786389650401844e+00
2.181898940759449346e+00
2.172435351724638863e+00
2.162447402735796498e+00
2.152029634011817016e+00
2.141306225472116243e+00
2.130416095737485360e+00
2.119499020759939345e+00
2.108684955731537247e+00
2.098087727569367900e+00
2.087803133862580651e+00
2.077910510563643509e+00
2.068476208538359451e+00
2.059557230496003477e+00
2.051203499293974719e+00
2.043457751964325553e+00
2.036352737336119656e+00
2.029906092326496658e+00
2.024113860070316573e+00
2.018944006411082182e+00
2.014331442968982699e+00
2.010175961357102192e+00
2.006344137444932230e+00
2.002675715015616476e+00
1.998994290070458479e+00
1.995121385138473258e+00
1.990892346367569399e+00
1.986172041408198252e+00
1.980868189450426309e+00
1.974940372221156704e+00
1.968403340744987684e+00
1.961324057341435445e+00
1.953812849799079210e+00
1.946009936870098045e+00
1.938069258488268831e+00
1.930141902308446511e+00
1.922361410714584773e+00
1.914832888276788436e+00
1.907627168864293843e+00
1.900780447153026298e+00
1.894298868130902536e+00
1.888166757564087694e+00
1.882356618847194740e+00
1.876838830795712898e+00
1.871589197167439211e+00
1.866593070717410097e+00
1.861845567890057396e+00
1.857348222880202071e+00
1.853103122937933334e+00
1.849105991335856070e+00
1.845339787574985069e+00
1.841770200340675734e+00
1.838343997775812033e+00
1.834990677270389892e+00
1.831627324055517425e+00
1.828166120538051498e+00
1.824523590266121431e+00
1.820630426994644280e+00
1.816440648857217788e+00
1.811938825006291331e+00
1.807144248626325389e+00
1.802111185950754590e+00
1.796924726983692544e+00
1.791692297224760200e+00
1.786531526706113038e+00
1.781555835970692225e+00
1.776859669664140329e+00
1.772505646082514374e+00
1.768515866541044534e+00
1.764869167742197265e+00
1.761505220601168542e+00
1.758335204924664774e+00
1.755257539197334626e+00
1.752176085456063293e+00
1.749017630975667537e+00
1.745745437462545846e+00
1.742366279202106627e+00
1.738929554007659029e+00
1.735518515523052585e+00
1.732235148907267375e+00
1.729181403905877046e+00
1.726440184088169794e+00
1.724059549017088910e+00
1.722043019778627393e+00
1.720347803405795073e+00
1.718891369262366409e+00
1.717565366156819096e+00
1.716254608565642936e+00
1.714857988426389257e+00
1.713307818556307094e+00
1.711584331086084321e+00
1.709722798682528300e+00
1.707811901577450220e+00
1.705983355631027321e+00
1.704394235045538109e+00
1.703204643958264874e+00
1.702554205626185313e+00
1.702541087967105682e+00
1.703206897575112677e+00
1.704529792522910592e+00
1.706426750080745736e+00
1.708764341264423559e+00
1.711375920835990661e+00
1.714082128729256471e+00
1.716711214819291786e+00
1.719115999111519022e+00
1.721185162419677672e+00
1.722847797647619750e+00
1.724071442145638899e+00
1.724854875883802929e+00
1.725217616503789797e+00
1.725188211571932584e+00
1.724793192852351220e+00
1.724048077383155464e+00
1.722951256534651865e+00
1.721481144588856926e+00
1.719596619623258826e+00
1.717240558926904859e+00
1.714346080512879178e+00
1.710844886555884736e+00
1.706676844096144396e+00
1.701799676503955583e+00
1.696197469658931256e+00
1.689886725433555670e+00
1.682918991071984172e+00
1.675379647973427311e+00
1.667383155176607179e+00
1.659065734348250221e+00
1.650576952553894028e+00
1.642071747702643192e+00
1.633704094723456235e+00
1.625622809727947038e+00
1.617969139911343168e+00
1.610875061475850689e+00
1.604460861686373141e+00
1.598830764923068637e+00
1.594066062393959760e+00
1.590216232985006917e+00
1.587289585088628607e+00
1.585245662589736648e+00
1.583991780911482739e+00
1.583385501596054290e+00
1.583243733533322706e+00
1.583357754922860128e+00
1.583512151631023768e+00
1.583504798443169825e+00
1.583164770516898301e+00
1.582365484481186968e+00
1.581031289583590960e+00
1.579136916373409028e+00
1.576700382591794236e+00
1.573770941625885600e+00
1.570414309303391986e+00
1.566697671507614187e+00
1.562676866163468903e+00
1.558387688615452404e+00
1.553842550446291382e+00
1.549032815120099160e+00
1.543936161028290011e+00
1.538527438859952357e+00
1.532790863480954835e+00
1.526731151082746152e+00
1.520381448094004329e+00
1.513806563167446884e+00
1.507100965870435072e+00
1.500382041232479313e+00
1.493779958640962580e+00
1.487426044368503675e+00
1.481441648881833162e+00
1.475929188893331689e+00
1.470966425505682240e+00
1.466604273162224414e+00
1.462867692168734690e+00
1.459758652540835921e+00
1.457259877018231009e+00
1.455338125053075249e+00
1.453946147642275033e+00
1.453023035170931454e+00
1.452493348355240022e+00
1.452265987325924712e+00
1.452234051894510269e+00
1.452276877261112986e+00
1.452264994890893890e+00
1.452068076746332315e+00
1.451565158768101105e+00
1.450655811384320648e+00
1.449270588901573120e+00
1.447379110497910126e+00
1.444994464813550872e+00
1.442173174783150547e+00
1.439010572288570877e+00
1.435632001094978127e+00
1.432180730353526998e+00
1.428803806923915287e+00
1.425637313115649452e+00
1.422792630190703012e+00
1.420345314968120221e+00
1.418328033284755429e+00
1.416728617134297208e+00
1.415493711307438618e+00
1.414537696496643404e+00
1.413755729620008950e+00
1.413038988365785231e+00
1.412289719975348135e+00
1.411433617164582488e+00
1.410427444653887141e+00
1.409260681358458500e+00
1.407951080455621229e+00
1.406535252737870501e+00
1.405056383682550036e+00
1.403551765809761376e+00
1.402042819047766287e+00
1.400529669357675866e+00
1.398991290343069460e+00
1.397390932884136516e+00
1.395685381041021245e+00
1.393835763290887764e+00
1.391817401188703007e+00
1.389626527274131940e+00
1.387282530244630996e+00
1.384825455077090650e+00
1.382309525563528041e+00
1.379794229353724200e+00
1.377334865763297556e+00
1.374974373565765573e+00
1.372737803884140462e+00
1.370630129094439820e+00
1.368637359363287898e+00
1.366730337244786098e+00
1.364870209843232374e+00
1.363014475791731295e+00
1.361122633508273339e+00
1.359160726385995943e+00
1.357104382164329159e+00
1.354940195002215741e+00
1.352665468971091967e+00
1.350286453694080180e+00
1.347815309360268055e+00
1.345266184028808931e+00
1.342650974307705969e+00
1.339975520578288837e+00
1.337237071146515799e+00
1.334423747376303426e+00
1.331516410767853653e+00
1.328492807951541010e+00
1.325333268272832488e+00
1.322026722933772547e+00
1.318575576802414995e+00
1.314998105263867512e+00
1.311327572553474985e+00
1.307608057905731203e+00
1.303887821934343050e+00
1.300211707565829267e+00
1.296614352147887450e+00
1.293115802862623731e+00
1.289720526220430541e+00
1.286419955677918558e+00
1.283197868003135955e+00
1.280037250319882247e+00
1.276927070233438988e+00
1.273867526131208017e+00
1.270872847033349018e+00
1.267971359517297669e+00
1.265203147518358495e+00
1.262616042767138236e+00
1.260260825990490829e+00
1.258186413174714247e+00
1.256435542215070367e+00
1.255041189650710098e+00
1.254023746473452050e+00
1.253388927776278194e+00
1.253126480022387579e+00
1.253209920177994485e+00
1.253597694807710328e+00
1.254236180845210047e+00
1.255064785998985188e+00
1.256023023074206435e+00
1.257058879825629250e+00
1.258137212103153768e+00
1.259246438153236669e+00
1.260401702223946652e+00
1.261643046583963201e+00
1.263028000003924234e+00
1.264619212984404717e+00
1.266469054426770047e+00
1.268604069535765655e+00
1.271012567861077525e+00
1.273638203294504168e+00
1.276381283536955458e+00
1.279107971349214168e+00
1.281665905901937741e+00
1.283903478694108369e+00
1.285689337408758126e+00
1.286928777143379499e+00
1.287574434343262686e+00
1.287629896535130269e+00
1.287146179540801905e+00
1.286212216505624228e+00
1.284941347559356073e+00
1.283456209693307093e+00
1.281874422486743104e+00
1.280297125985221829e+00
1.278801842620072682e+00
1.277440380044676527e+00
1.276241632675526372e+00
1.275218265424583164e+00
1.274375508170401794e+00
1.273719823581828337e+00
1.273265188199288023e+00
1.273035216849526474e+00
1.273060297300788957e+00
1.273370080485039191e+00
1.273982800312049912e+00
1.274893687401850606e+00
1.276064996920226235e+00
1.277419846076642829e+00
1.278841262065848694e+00
1.280176800316472407e+00
1.281248070355107460e+00
1.281863730047145156e+00
1.281834112315758611e+00
1.280985650530603648e+00
1.279173589496535923e+00
1.276291971100783407e+00
1.272280421071614542e+00
1.267127717805563991e+00
1.260872422684450767e+00
1.253600966611128742e+00
1.245443534052226520e+00
1.236567917115301674e+00
1.227171317934138806e+00
1.217469971451332844e+00
1.207686549071880888e+00
1.198035641125563044e+00
1.188708164643221599e+00
1.179856160560113221e+00
1.171579917593673414e+00
1.163919475180400065e+00
1.156852185350647488e+00
1.150297168494572864e+00
1.144126351627397620e+00
1.138180611063135173e+00
1.132288659148854126e+00
1.126285948892840727e+00
1.120031105842167474e+00
1.113418142965501234e+00
1.106383732760156224e+00
1.098909789678305993e+00
1.091022273270056298e+00
1.082787303043922567e+00
1.074305408507533643e+00
1.065704225253563786e+00
1.057129489399274203e+00
1.048734050787076821e+00
1.040664947481079183e+00
1.033049278704838869e+00
1.025980412716582357e+00
1.019506620402662156e+00
1.013624246899362591e+00
1.008276920390009490e+00
1.003361183055409445e+00
9.987376375285482721e-01
9.942456245915903823e-01
9.897188974493970059e-01
9.849998596823319463e-01
9.799505929497615009e-01
9.744598547462205440e-01
9.684461562067037121e-01
9.618576751974803329e-01
9.546700021851006746e-01
9.468825982567469213e-01
9.385145280862092765e-01
9.295997158286685158e-01
9.201818118731786011e-01
9.103088025322042531e-01
9.000276822954933476e-01
8.893797098965898762e-01
8.783968554716555799e-01
8.670999484472052821e-01
8.554987757441979701e-01
8.435940516151634316e-01
8.313809017553430714e-01
8.188533602277745516e-01
8.060093833136919850e-01
7.928559825743493050e-01
7.794141720231544390e-01
7.657234210443971678e-01
7.518451685084969194e-01
7.378647243000768796e-01
7.238906721146037837e-01
7.100508367279290134e-01
6.964841175376865756e-01
6.833280748969455809e-01
6.707030349688126725e-01
6.586944837677717324e-01
6.473363941102232566e-01
6.365985871873918178e-01
6.263810494697813480e-01
6.165172234148033059e-01
6.067867778825893899e-01
5.969365425003836378e-01
5.867065862274098986e-01
5.758572732830171681e-01
5.641928623758809547e-01
5.515779315652975523e-01
5.379444538769857509e-01
5.232893357016379365e-01
5.076641585460973660e-01
4.911602548079979647e-01
4.738927790346000313e-01
4.559870349683700086e-01
4.375691749127255115e-01
4.187618867863935890e-01
3.996842811915182203e-01
3.804542666965211595e-01
3.611914459734245075e-01
3.420189294511103428e-01
3.230631981305184808e-01
3.044519159945553444e-01
2.863101090383493030e-01
2.687552687857780453e-01
2.518917782358521817e-01
2.358048171408993476e-01
2.205538269971731025e-01
2.061658471172731766e-01
1.926295326113530715e-01
1.798912182477609423e-01
1.678546978473602624e-01
1.563861928613451968e-01
1.453251987373352927e-01
1.345006593771459202e-01
1.237505563094102173e-01
1.129419226296716761e-01
1.019878553157473194e-01
9.085846973137148841e-02
7.958383513773358009e-02
6.824844741759808486e-02
5.697831989304000255e-02
4.592292357469775904e-02
3.523476285717624251e-02
2.504932643642665893e-02
1.546768447764262401e-02
6.543371424049006062e-03
-1.725382162353026119e-03
-9.397435054061207757e-03
-1.658424047651747488e-02
-2.343915423288001759e-02
-3.014118169483972348e-02
-3.687454821548782208e-02
-4.380630542191326499e-02
-5.106486302350867618e-02
-5.872260323335746351e-02
-6.678540770182690711e-02
-7.519097440494902640e-02
-8.381637501409837376e-02
-9.249369972773803517e-02
-1.010312197695251712e-01
-1.092365966659905041e-01
-1.169384885864932083e-01
-1.240034790253790320e-01
-1.303464314764068710e-01
-1.359338603503009446e-01
-1.407813355411870193e-01
-1.449469575580774605e-01
-1.485233154862145577e-01
-1.516300151570670052e-01
-1.544079861547925925e-01
-1.570156535327964509e-01
-1.596260714863537988e-01
-1.624235841103162936e-01
-1.655986600981269041e-01
-1.693401842555176950e-01
-1.738254306419779183e-01
-1.792088506219804700e-01
-1.856113808587635805e-01
-1.931120480460783162e-01
-2.017432358334139142e-01
-2.114902494893997342e-01
-2.222949969102188117e-01
-2.340629130580327566e-01
-2.466718272343354501e-01
-2.599813619044685775e-01
-2.738416445297398583e-01
-2.881005520996738345e-01
-3.026092975608098423e-01
-3.172267740631938837e-01
-3.318235279727780318e-01
-3.462863648320193000e-01
-3.605242962335443724e-01
-3.744758328469771635e-01
-3.881167052190154787e-01
-4.014662621221506966e-01
-4.145903926158761021e-01
-4.275990693261089715e-01
-4.406375288946193791e-01
-4.538714636905817335e-01
-4.674680013779061727e-01
-4.815752738327081506e-01
-4.963037281538667522e-01
-5.117119409479041758e-01
-5.277987307485045854e-01
-5.445021479557556887e-01
-5.617048087434446391e-01
-5.792442804766843034e-01
-5.969269015403269041e-01
-6.145434434294761994e-01
-6.318852190604700159e-01
-6.487594339278590638e-01
-6.650026745896084890e-01
-6.804914535888852978e-01
-6.951487890674512560e-01
-7.089460191530679856e-01
-7.218995115654035510e-01
-7.340626038148018173e-01
-7.455138719467298003e-01
-7.563434867214472446e-01
-7.666397893851262246e-01
-7.764781855377159703e-01
-7.859140006665539246e-01
-7.949801575045770674e-01
-8.036895942525236203e-01
-8.120414456614853949e-01
-8.200293398643566656e-01
-8.276498496466203614e-01
-8.349092253756740245e-01
-8.418269933213334832e-01
-8.484357242689026801e-01
-8.547771175165872481e-01
-8.608953473026055292e-01
-8.668292404000631501e-01
-8.726051863522913399e-01
-8.782326599170326986e-01
-8.837038416301825627e-01
-8.889980938386384812e-01
-8.940910819035408075e-01
-8.989672776398901499e-01
-9.036336431637985722e-01
-9.081316806001755726e-01
-9.125449271622152470e-01
-9.169994747323481077e-01
-9.216561755337739914e-01
-9.266947013849720083e-01
-9.322912753624393867e-01
-9.385933462983226949e-01
-9.456953919204025283e-01
-9.536201711110452450e-01
-9.623090166734760142e-01
-9.716232800896096311e-01
-9.813571031367790409e-01
-9.912597071287021500e-01
-1.001063780335140097e+00
-1.010515630267420528e+00
-1.019402690019926228e+00
-1.027574658172850652e+00
-1.034955774388804484e+00
-1.041547178315665123e+00
-1.047419689434089252e+00
-1.052698505041379518e+00
-1.057542181667504133e+00
-1.062118848403171389e+00
-1.066582904001428522e+00
-1.071055431551275694e+00
-1.075611145027832505e+00
-1.080273801763165009e+00
-1.085020710234856134e+00
-1.089795410803314102e+00
-1.094526109653917834e+00
-1.099146349558627778e+00
-1.103613984558495575e+00
-1.107924904362688423e+00
-1.112119037064416949e+00
-1.116277678843307752e+00
-1.120512802390271068e+00
-1.124950348644187859e+00
-1.129710382867269658e+00
-1.134887312478554566e+00
-1.140533162385787280e+00
-1.146646302364356051e+00
-1.153167163436736864e+00
-1.159981500306206614e+00
-1.166930769855227368e+00
-1.173828302277182933e+00
-1.180479232811213697e+00
-1.186701716131164375e+00
-1.192346814033793390e+00
-1.197314642083788128e+00
-1.201564847976847261e+00
-1.205120199335005138e+00
-1.208062884644062418e+00
-1.210523979787087478e+00
-1.212667319769848984e+00
-1.214669673723675958e+00
-1.216699593269213731e+00
-1.218897530176715316e+00
-1.221359736012580743e+00
-1.224128014823130162e+00
-1.227186597699347903e+00
-1.230466325315058507e+00
-1.233855137957773129e+00
-1.237212831597745977e+00
-1.240387400867035694e+00
-1.243230235543806073e+00
-1.245607995392804535e+00
-1.247410010469230501e+00
-1.248551251366430082e+00
-1.248971948912657171e+00
-1.248635541576552876e+00
-1.247526669160899715e+00
-1.245650472450690938e+00
-1.243033702388131490e+00
-1.239727347092829390e+00
-1.235809868909414355e+00
-1.231389821401682072e+00
-1.226606590142528930e+00
-1.221628202117794215e+00
-1.216645497652441232e+00
-1.211862412564252311e+00
-1.207482672467867335e+00
-1.203693852999928815e+00
-1.200650454763975805e+00
-1.198458242321400080e+00
-1.197162399605625094e+00
-1.196741861249636329e+00
-1.197111391515087941e+00
-1.198131676062817341e+00
-1.199626133864565514e+00
-1.201401743682451562e+00
-1.203270315730278872e+00
-1.205066597768971182e+00
-1.206660428127897200e+00
-1.207961623458249534e+00
-1.208918012703024125e+00
-1.209508532852571427e+00
-1.209734198612839151e+00
-1.209609850956367305e+00
-1.209158918473913547e+00
-1.208412234543464026e+00
-1.207410601089896618e+00
-1.206209636659682394e+00
-1.204884758284453516e+00
-1.203534039727061966e+00
-1.202277128273914863e+00
-1.201249241013414570e+00
-1.200590298609200746e+00
-1.200430289477191437e+00
-1.200872823294532488e+00
-1.201979406202867251e+00
-1.203757164512575528e+00
-1.206152504443589457e+00
-1.209052506051130127e+00
-1.212294752682916199e+00
-1.215684919142215215e+00
-1.219020000584726260e+00
-1.222113847619120897e+00
-1.224820977720196158e+00
-1.227054680704143586e+00
-1.228796294318164506e+00
-1.230094065825324101e+00
-1.231051926483770931e+00
-1.231810370566814195e+00
-1.232523034556353814e+00
-1.233333213808989859e+00
-1.234354319572724012e+00
-1.235657262109137289e+00
-1.237266210238625375e+00
-1.239162484426316047e+00
-1.241294857079890068e+00
-1.243593553309098043e+00
-1.245984929078584491e+00
-1.248404153719094856e+00
-1.250804091127169837e+00
-1.253159698854827919e+00
-1.255468342690686745e+00
-1.257747187195045635e+00
-1.260029107329950770e+00
-1.262358359409107456e+00
-1.264786686293643436e+00
-1.267369850267112241e+00
-1.270164051186847498e+00
-1.273221502114371573e+00
-1.276584679977953218e+00
-1.280279374759768496e+00
-1.284307427457721973e+00
-1.288640706008538084e+00
-1.293218164258916225e+00
-1.297947599919138995e+00
-1.302712958718902136e+00
-1.307386869896270065e+00
-1.311846817439665580e+00
-1.315992286222987362e+00
-1.319759677444739321e+00
-1.323131955650315383e+00
-1.326140891038249059e+00
-1.328861229420579271e+00
-1.331397836131861911e+00
-1.333868415483874248e+00
-1.336385417882826943e+00
-1.339040944941360722e+00
-1.341897775072471433e+00
-1.344988205042749962e+00
-1.348320572537491380e+00
-1.351891531316505413e+00
-1.355700824856816533e+00
-1.359764756366737881e+00
-1.364124895144454230e+00
-1.368849685863221088e+00
-1.374028253103775077e+00
-1.379757434700113805e+00
-1.386124550450069215e+00
-1.393189320024333266e+00
-1.400968529176461086e+00
-1.409426507402881557e+00
-1.418473362874172805e+00
-1.427971460402173376e+00
-1.437749112924814776e+00
-1.447619172162887491e+00
-1.457399386688863485e+00
-1.466931193318972593e+00
-1.476094048723901597e+00
-1.484813388783853938e+00
-1.493061601692791784e+00
-1.500852721706771975e+00
-1.508232594824836070e+00
-1.515266812385523520e+00
-1.522028669723590744e+00
-1.528588864913198675e+00
-1.535007825226506029e+00
-1.541330720377672270e+00
-1.547584648227267712e+00
-1.553777305035610290e+00
-1.559896667230162404e+00
-1.565911658619354441e+00
-1.571774216814519010e+00
-1.577423374153196001e+00
-1.582791795459283613e+00
-1.587814677977316125e+00
-1.592440173222678723e+00
-1.596639783464999018e+00
-1.600416771461769194e+00
-1.603810677067282420e+00
-1.606896598795533260e+00
-1.609778863417190564e+00
-1.612579845806547896e+00
-1.615425734871083652e+00
-1.618431713392910476e+00
-1.621689165397757204e+00
-1.625257112526860448e+00
-1.629159216313778025e+00
-1.633386575886029979e+00
-1.637905454187581489e+00
-1.642668210273041662e+00
-1.647625251896008836e+00
-1.652735798543427004e+00
-1.657975610546701395e+00
-1.663340480855322268e+00
-1.668845064783254450e+00
-1.674517410826142250e+00
-1.680390248398029973e+00
-1.686490606709286633e+00
-1.692829622479313345e+00
-1.699394399516156229e+00
-1.706143492449869958e+00
-1.713007021684683773e+00
-1.719891659246493676e+00
-1.726689876855360239e+00
-1.733292069404114955e+00
-1.739599608308114442e+00
-1.745536653032977004e+00
-1.751058707371994760e+00
-1.756156430668759372e+00
-1.760854018394104159e+00
-1.765202415841289785e+00
-1.769268557148585996e+00
-1.773122556614436407e+00
-1.776825169584087316e+00
-1.780417789978352650e+00
-1.783916749176146732e+00
-1.787312814499984803e+00
-1.790575732586099145e+00
-1.793662652445076500e+00
-1.796528518313860623e+00
-1.799136202963640851e+00
-1.801464313830619224e+00
-1.803511189867696318e+00
-1.805294467337942743e+00
-1.806846530154237795e+00
-1.808206978418901212e+00
-1.809413795356347832e+00
-1.810495085897045664e+00
-1.811463093536578084e+00
-1.812311732989215107e+00
-1.813018202687752378e+00
-1.813548478982180523e+00
-1.813865759528100696e+00
-1.813940326525936841e+00
-1.813758940502382622e+00
-1.813331834064833226e+00
-1.812695700423438527e+00
-1.811911753411940884e+00
-1.811058885002358565e+00
-1.810222990761814588e+00
-1.809484443202278525e+00
-1.808906232866450692e+00
-1.808525296524118975e+00
-1.808348964328921227e+00
-1.808357388853696346e+00
-1.808511509161012221e+00
-1.808764867180964409e+00
-1.809076734540984166e+00
-1.809423733023604264e+00
-1.809807498085497013e+00
-1.810256839040254473e+00
-1.810824063086247104e+00
-1.811576365934527644e+00
-1.812584177932173413e+00
-1.813908897319915559e+00
-1.815592459012271620e+00
-1.817650710148308146e+00
-1.820071718668515137e+00
-1.822819114188386935e+00
-1.825839559342625096e+00
-1.829072668580067340e+00
-1.832461278424651230e+00
-1.835960004839304993e+00
-1.839540486564634092e+00
-1.843192503028378226e+00
-1.846921091520047797e+00
-1.850740654090329951e+00
-1.854667640065370993e+00
-1.858713585763025256e+00
-1.862880066410756319e+00
-1.867156554666190793e+00
-1.871521453040555061e+00
