7.521837268738148850e+03
3.541887822957601202e+03
3.477943840319936953e+03
1.809867631167332775e+03
1.795846422261821544e+03
1.025180043394381300e+03
1.022097813939784146e+03
8.697267246501681939e+02
8.683055037679554289e+02
7.187345842287541018e+02
7.185634712379963958e+02
6.823186193303605478e+02
6.783483825156583862e+02
6.239567994453275332e+02
6.211224524593509386e+02
5.973545840908045648e+02
5.932029705380369933e+02
5.749226853830193704e+02
5.733484434646227328e+02
5.172780856744695939e+02
5.064148247564584153e+02
4.836409826074785201e+02
4.752073434811931065e+02
4.615724041931511579e+02
4.487289536410079336e+02
4.368627040395236349e+02
4.306776799639546311e+02
4.234051704663718851e+02
4.196085386403917141e+02
4.129415780110300034e+02
4.058768315702535574e+02
4.010880256417061673e+02
3.992911194427991859e+02
3.785270419960802428e+02
3.725960555955279006e+02
3.710879349420590643e+02
3.641354785002857284e+02
3.539120643059023905e+02
3.472204278108629865e+02
3.423034461797039967e+02
3.374779892509453703e+02
3.270683833186119500e+02
3.246142056544672414e+02
3.161704978645238953e+02
3.150278773671169006e+02
3.063606925443060618e+02
3.028443604517275958e+02
2.978918898100193928e+02
2.951335279618866139e+02
2.866822440907715759e+02
2.807814246290748770e+02
2.708989612680615551e+02
2.687117616867250831e+02
2.635680010064867247e+02
2.483231131320673057e+02
2.473091747129013527e+02
2.431865343540200115e+02
2.401373300992177633e+02
2.120802989131263132e+02
2.104442404651654499e+02
2.085580253274087852e+02
1.781915253947558426e+02
1.743974044395890246e+02
1.643466036886890436e+02
1.623398766800534077e+02
1.587149707893814536e+02
1.566835145953401138e+02
1.521030276035062627e+02
1.452617770391677823e+02
1.398175030665157976e+02
1.369981187820748403e+02
1.349176612132584410e+02
1.311246947049458527e+02
1.292764778088371429e+02
1.257250668199436632e+02
1.236390257269805062e+02
1.223388333598643527e+02
1.200043549181975067e+02
1.192389079441432926e+02
1.166326470697144089e+02
1.122625938674100325e+02
1.110414803472560976e+02
1.098976591935210934e+02
1.086795753779342704e+02
1.065412383462931984e+02
1.058409613836506793e+02
1.018145280343536712e+02
9.933675632451112847e+01
9.841839111058293099e+01
9.632395139849822385e+01
9.439372840596494996e+01
9.312061575845336847e+01
9.227096784900761861e+01
9.169792174596406653e+01
9.100167401301166592e+01
8.799433510986924034e+01
8.616351265163594064e+01
8.413607831507798096e+01
8.324668119901595276e+01
8.177829566218787249e+01
7.998834692888803488e+01
7.977085811598192322e+01
7.879958910621979840e+01
7.821130347727249443e+01
7.644567124621316623e+01
7.420083263496196935e+01
7.322964511319112546e+01
7.164479907770528655e+01
7.120319088987989176e+01
6.867451174175843676e+01
6.733504233289232843e+01
6.537926667303803185e+01
6.485793032422675708e+01
6.392758314444151324e+01
6.371481681434725175e+01
6.282762203928039924e+01
6.173187427089893475e+01
6.118728634003434053e+01
5.897389630985092168e+01
5.872220290482349725e+01
5.842385190348014845e+01
5.719874371902661636e+01
5.705646766374893986e+01
5.518800857634490598e+01
5.445168581599210711e+01
5.367626044069101710e+01
5.306707960863560203e+01
5.213666778576968142e+01
5.075565304002821421e+01
5.040503289134594667e+01
5.019421473853093829e+01
4.995150943292127721e+01
4.916262595333287067e+01
4.817115298383567534e+01
4.778206376309924508e+01
4.749262747251679428e+01
4.719779781099517635e+01
4.615736115180398969e+01
4.559862434156688238e+01
4.469776609146684621e+01
4.372553046285886325e+01
4.308961738039005951e+01
4.256974411865539309e+01
4.210322230560397827e+01
4.198008427489115491e+01
4.159049761966769410e+01
4.115875083652651512e+01
4.050905471798310487e+01
3.997386472971564331e+01
3.959098852511414890e+01
3.901254725462657547e+01
3.855084359421221052e+01
3.819679435460864880e+01
3.688855515168279453e+01
3.681023208111980694e+01
3.652762437160060927e+01
3.594291547808624188e+01
3.573172707641037960e+01
3.547351179509897889e+01
3.533163750784382984e+01
3.417550600105502667e+01
3.389017096065338563e+01
3.386334648355008170e+01
3.311528731970761896e+01
3.267404363687874280e+01
3.250112827457440545e+01
3.220858843358470835e+01
3.208147770497102158e+01
3.169173630061308700e+01
3.161113212362599612e+01
3.113424625874297647e+01
3.090876451420077942e+01
3.056525924840283182e+01
3.025648113407066120e+01
2.990927829320821374e+01
2.949240721017615385e+01
2.942520373181816851e+01
2.914119299917587824e+01
2.881995591077949115e+01
2.836062374626426319e+01
2.813011530889143685e+01
2.803602562915322238e+01
2.771776249458185504e+01
2.762974856580406069e+01
2.754396526925395605e+01
2.718029136746366348e+01
2.717532851929518856e+01
2.691949562599936385e+01
2.654557682956296816e+01
2.612414436738985657e+01
2.596131916375466986e+01
2.569884533020142570e+01
2.541409055678545315e+01
2.526920254840528202e+01
2.513690636135815737e+01
2.479952478766771407e+01
2.466081333282046373e+01
2.443369759746154202e+01
2.422351580746455824e+01
2.418047201697413229e+01
2.382151549667506529e+01
2.369158013321439427e+01
2.354517619006248452e+01
2.339489006545639072e+01
2.310121339336355106e+01
2.289116899898287016e+01
2.271286252446552467e+01
2.258020873018488928e+01
2.246152189734986493e+01
2.236657941728105570e+01
2.216219926224607306e+01
2.202901922290604020e+01
2.173228794247036078e+01
2.165334370906493078e+01
2.148700274787912434e+01
2.131256514338685193e+01
2.120849970835683607e+01
2.110350877585221951e+01
2.087306422935632000e+01
2.073369752835132829e+01
2.056990165155773553e+01
2.042201513472669205e+01
2.031431557276335553e+01
2.022728010091468676e+01
2.010598712306575209e+01
2.001035995929665390e+01
1.992221772449005002e+01
1.961430638969317641e+01
1.954446203006536820e+01
1.948220904618258942e+01
1.925777136860540040e+01
1.911656959689174684e+01
1.893809903834595687e+01
1.885778566018042568e+01
1.879448632932626140e+01
1.859758130700195622e+01
1.846303784103740853e+01
1.840957699819795224e+01
1.832803139379535651e+01
1.824176407539165723e+01
1.812200235265820325e+01
1.797459991438399385e+01
1.784788956814947269e+01
1.767727382794977942e+01
1.765354584721689335e+01
1.746886576021548265e+01
1.745601429543003036e+01
1.736080670835749729e+01
1.695766822520053907e+01
1.687688418972642523e+01
1.672198174439666829e+01
1.665510975727658760e+01
1.655022494476541084e+01
1.637820702927808725e+01
1.612794125043165394e+01
1.585385938579672072e+01
